===================================================================
NF:        9.067058563232422e-05        boites= 65
NFD:        7.030963897705078e-05        boites= 65
FF:        0.0033614397048950194        boites= 59
FFD:        0.0032163619995117187        boites= 59
BF:        0.0005762338638305664        boites= 59
BFD:        0.0007098436355590821        boites= 59
