===================================================================
NF:        0.0007394075393676758        boites= 65
NFD:        0.000702667236328125        boites= 65
FF:        0.001153874397277832        boites= 59
FFD:        0.0016355037689208985        boites= 59
BF:        0.0011623620986938477        boites= 59
BFD:        0.0015052080154418946        boites= 59
